0.065637834*x0 - x1 - x3 + 0.065637834*x5 + 0.065637834*x6
[0.0140573320000000, -1.274788*x1, -1.0493301*x1 - 1.0493301*x3, -1.0551395*x1 - 1.0326458*x3, -sin(1.28265462305282*x1 + x3), -0.9717082*sin(1.34161143364195*x1 + x3), 0.065637834*x0 - x1 - x3 + 0.065637834*x5 + 0.065637834*x6, 0.06353508*x0 - 1.0346465*x1 - x3 + 0.06353508*x5 + 0.06353508*x6, 0.06353508*x0 - 1.02952284752965*x1 - x3 + 0.06353508*x5 + 0.06353508*x6, 0.06353508*x0 - 1.02417246250488*x1 - x3 + 0.06353508*x5 + 0.06353508*x6, sin(0.031282514*x0 - 1.261165186*x1 - x3 + 0.031282514*x5 + 0.031282514*x6), sin(0.053192620232697*x0 - 1.2392550797673*x1 - x3 + 0.053192620232697*x5 + 0.053192620232697*x6)]
[[ 0.3848885   1.        ]
 [ 0.03992003  3.        ]
 [ 0.00280778  5.        ]
 [ 0.00279699  7.        ]
 [ 0.00200019  8.        ]
 [ 0.00196376 10.        ]
 [ 0.00146424 11.        ]
 [ 0.00137968 13.        ]
 [ 0.00136134 15.        ]
 [ 0.00135409 17.        ]
 [ 0.00128101 18.        ]
 [ 0.00113674 20.        ]]

2	4	0
x0*(-0.921712*x1 - 0.921712*x3)/x2
[-0.00536599000000000, -1.2476546*x1, -1.0444194*x1 - 1.0444194*x3, -x1 - x3 + 0.040037464*x5, -sin(1.2707978*x1 + x3), x0*(-0.921712*x1 - 0.921712*x3)/x2, x0*(-0.921712*x1 - 0.921712*x3)/x2 - 0.061479084*x8, x0*(-0.921712*x1 - 0.921712*x3)/x2 - 0.0159446973578313*x2, x0*(-0.921712*x1 - 0.921712*x3)/x2 - 0.18650322*x3**2*(x2 + x6)]
[[ 0.35663888  1.        ]
 [ 0.03980668  3.        ]
 [ 0.00207392  5.        ]
 [ 0.0019965   7.        ]
 [ 0.00157213  8.        ]
 [ 0.00058491  9.        ]
 [ 0.00054853 13.        ]
 [ 0.00052239 15.        ]
 [ 0.00049951 19.        ]]
[[0.         1.         0.06341286 0.09341842 1.        ]
 [0.         2.         0.00269973 0.00985689 1.        ]
 [0.         3.         0.04802707 0.12446451 1.        ]
 [0.         4.         0.00294841 0.01520697 1.        ]
 [0.         5.         0.44575429 0.87320695 3.        ]
 [0.         6.         0.44659536 0.8777554  3.        ]
 [0.         7.         0.44989943 0.93276463 0.        ]
 [0.         8.         0.4012357  0.86457201 1.        ]
 [0.         9.         0.3082433  0.86060536 1.        ]
 [1.         2.         0.0398253  0.1922388  0.        ]
 [1.         3.         0.00072027 0.00405166 0.        ]
 [1.         4.         0.05457693 0.10533854 0.        ]
 [1.         5.         0.22421403 0.89766516 2.        ]
 [1.         6.         0.2213799  0.87351294 2.        ]
 [1.         7.         0.22891332 0.9896068  3.        ]
 [1.         8.         0.23023948 0.99573413 2.        ]
 [1.         9.         0.23023793 0.9922335  2.        ]
 [2.         3.         0.02413214 0.20875101 0.        ]
 [2.         4.         0.00032471 0.00208045 0.        ]
 [2.         5.         0.10950002 0.66314239 2.        ]
 [2.         6.         0.11031445 0.67184996 2.        ]
 [2.         7.         0.13147757 0.99995962 3.        ]
 [2.         8.         0.13199435 0.99986895 3.        ]
 [2.         9.         0.12115645 0.91839999 0.        ]
 [3.         4.         0.03873345 0.22967856 0.        ]
 [3.         5.         0.14096667 0.88990239 2.        ]
 [3.         6.         0.13866846 0.86355111 2.        ]
 [3.         7.         0.14802832 0.97317922 3.        ]
 [3.         8.         0.14862614 0.97820737 2.        ]
 [3.         9.         0.1386979  0.93303029 0.        ]
 [4.         5.         0.17138566 0.71277718 2.        ]
 [4.         6.         0.17312575 0.71535696 2.        ]
 [4.         7.         0.20405026 0.99084691 2.        ]
 [4.         8.         0.20379708 0.99474466 3.        ]
 [4.         9.         0.20333085 0.99486917 3.        ]
 [5.         6.         0.0008805  0.02743552 0.        ]
 [5.         7.         0.01909337 0.55550254 0.        ]
 [5.         8.         0.013107   0.3955056  1.        ]
 [5.         9.         0.00925714 0.32053163 1.        ]
 [6.         7.         0.01979548 0.59022778 0.        ]
 [6.         8.         0.01374207 0.39765084 1.        ]
 [6.         9.         0.00973604 0.3510021  1.        ]
 [7.         8.         0.00270166 0.85220776 3.        ]
 [7.         9.         0.00273063 0.55053779 1.        ]
 [8.         9.         0.00041367 0.10037634 0.        ]]
[-0.26136398 -0.28619601 -0.21400851 -0.60242613 -0.61627169]
variable inplace right 

1	3	0
-sin(x1) - 0.1066787381443*x6/(x1*x5)
[0.0218921620000000, -1.044074*x1, -1.0441029*x1 - 0.0004591097948793, -1.1419894*sin(x1), -1.033972025*x1 + 0.033972025*x4, -x1 - 0.04418628*x6/(x1*x5), -1.0444614*x1 + 0.041015547*x3**2*x4, -1.0267853*x1 - 0.033972025*x3**2*(x1 - x4), -sin(x1) - 0.1066787381443*x6/(x1*x5)]
[[ 0.37662503  1.        ]
 [ 0.00193844  3.        ]
 [ 0.00193823  5.        ]
 [ 0.00187898  6.        ]
 [ 0.00159392  7.        ]
 [ 0.00145191  9.        ]
 [ 0.0011315  11.        ]
 [ 0.00111259 13.        ]
 [ 0.00091391 14.        ]]
[[0.         1.         0.07165129 0.10702828 1.        ]
 [0.         2.         0.0037509  0.06918156 1.        ]
 [0.         3.         0.05438093 0.14397862 1.        ]
 [0.         4.         0.43840003 0.87340487 3.        ]
 [0.         5.         0.43921088 0.87811055 3.        ]
 [0.         6.         0.43906615 0.92571659 0.        ]
 [0.         7.         0.39111856 0.84978604 1.        ]
 [0.         8.         0.30032657 0.84516791 1.        ]
 [1.         2.         0.06987385 0.11720214 0.        ]
 [1.         3.         0.00072569 0.00408061 0.        ]
 [1.         4.         0.22431244 0.89826082 2.        ]
 [1.         5.         0.2212915  0.87382731 2.        ]
 [1.         6.         0.22870612 0.98820538 3.        ]
 [1.         7.         0.23029646 0.99574143 2.        ]
 [1.         8.         0.23009651 0.99097021 2.        ]
 [2.         3.         0.05191579 0.16775923 0.        ]
 [2.         4.         0.37386487 0.84633633 2.        ]
 [2.         5.         0.37416556 0.84553682 2.        ]
 [2.         6.         0.40474914 0.99038983 1.        ]
 [2.         7.         0.35748367 0.8752592  0.        ]
 [2.         8.         0.26746007 0.84417279 0.        ]
 [3.         4.         0.14106134 0.89055848 2.        ]
 [3.         5.         0.13876684 0.86365198 2.        ]
 [3.         6.         0.14796621 0.97016514 3.        ]
 [3.         7.         0.14863987 0.97552528 2.        ]
 [3.         8.         0.1377463  0.92691851 0.        ]
 [4.         5.         0.0009705  0.03055586 0.        ]
 [4.         6.         0.01556867 0.4429379  0.        ]
 [4.         7.         0.00959978 0.28509815 1.        ]
 [4.         8.         0.00646604 0.22482405 1.        ]
 [5.         6.         0.01635283 0.47798042 0.        ]
 [5.         7.         0.0103099  0.29406273 1.        ]
 [5.         8.         0.00700415 0.2556957  1.        ]
 [6.         7.         0.00299731 0.87154385 3.        ]
 [6.         8.         0.00300374 0.54924665 1.        ]
 [7.         8.         0.00048163 0.10606022 0.        ]]
[-0.0654313  -0.20164255  1.48229065  1.02832115]
variable inplace right 

3	4	0
-0.921230760229416*x0*x1/x2
[-0.0260048500000000, -1.0453818*x1, -1.0452812*x1 - 0.0016182866, -1.1415074*sin(x1), 0.04860641*x0 - x1 + 0.04860641*x3, -x1 - 0.040635854*x5/(x1*x4), -0.921230760229416*x0*x1/x2, -0.922329732163562*x0*x1/x2, x0*x1*(-0.028572615*x1*x2 - 0.9216621)/x2, x0*x1*(x1*(-0.028572615*x0 - 0.028572615*x4 + 0.028572615*x5) - 0.9216621)/x2]
[[ 0.37509778  1.        ]
 [ 0.00182351  3.        ]
 [ 0.00182089  5.        ]
 [ 0.00178356  6.        ]
 [ 0.00153367  7.        ]
 [ 0.00129948  9.        ]
 [ 0.00052537 10.        ]
 [ 0.00052449 12.        ]
 [ 0.00049548 15.        ]
 [ 0.00048791 19.        ]]
[[0.         1.         0.07897644 0.11802127 1.        ]
 [0.         2.         0.00374933 0.06914121 1.        ]
 [0.         3.         0.43848652 0.8734055  3.        ]
 [0.         4.         0.43930439 0.87809555 3.        ]
 [0.         5.         0.4391304  0.92566965 0.        ]
 [0.         6.         0.3910995  0.84938718 1.        ]
 [0.         7.         0.3005435  0.84597468 1.        ]
 [1.         2.         0.07759312 0.12464486 0.        ]
 [1.         3.         0.45976819 0.94556705 2.        ]
 [1.         4.         0.4600521  0.94484637 2.        ]
 [1.         5.         0.46849522 0.99642456 3.        ]
 [1.         6.         0.41762108 0.88853618 0.        ]
 [1.         7.         0.31287901 0.86422459 0.        ]
 [2.         3.         0.37393782 0.84632046 2.        ]
 [2.         4.         0.37424683 0.84555939 2.        ]
 [2.         5.         0.40481008 0.99030745 1.        ]
 [2.         6.         0.35746725 0.87503106 0.        ]
 [2.         7.         0.26765558 0.84498493 0.        ]
 [3.         4.         0.00095442 0.03004702 0.        ]
 [3.         5.         0.01555038 0.44221556 0.        ]
 [3.         6.         0.0095091  0.28210703 1.        ]
 [3.         7.         0.006618   0.23022391 1.        ]
 [4.         5.         0.0163211  0.47682115 0.        ]
 [4.         6.         0.01020731 0.29091869 1.        ]
 [4.         7.         0.00714648 0.26095881 1.        ]
 [5.         6.         0.00298146 0.85248049 3.        ]
 [5.         7.         0.00288563 0.52282263 1.        ]
 [6.         7.         0.00035589 0.07867149 0.        ]]
[-0.06053568 -0.05078362 -0.03779792 -0.1049821 ]
variable inplace right 

0	2	1
x0 - x1 + 0.09966631*x2
[0.0225756350000000, -1.0439651*x1, 0.00245246341473819 - 1.0438203*x1, -1.14183014819813*sin(x1), x0 - x1 + 0.09966631*x2, 0.9704974595288*x0 - x1 + 0.0967259006556098*x2, 0.941521975923212*x0 - x1 + 0.0949193902779165*x2, -x1 + 0.0967259006556098*x2 + 0.9704974595288*sin(x0), -x1 + 0.0967259006556098*x2 + 0.966660012610738*sin(x0), -x1 + 0.0967259006556098*x2 + 0.9704974595288*sin(sin(x0)), -x1 + 0.0967259006556098*x2 + 0.9704974595288*sin(1.0039698*sin(x0))]
[[ 0.35766464  1.        ]
 [ 0.0025047   3.        ]
 [ 0.00249869  5.        ]
 [ 0.00238618  6.        ]
 [ 0.00014384  7.        ]
 [ 0.00013988  9.        ]
 [ 0.00013948 11.        ]
 [ 0.00013745 12.        ]
 [ 0.00013739 14.        ]
 [ 0.00013711 15.        ]
 [ 0.00013694 17.        ]]
[[0.         1.         0.07769902 0.11595249 1.        ]
 [0.         2.         0.00375009 0.06900442 1.        ]
 [0.         3.         0.40806986 0.7462882  3.        ]
 [0.         4.         0.44167605 0.92864322 0.        ]
 [0.         5.         0.3936033  0.85581523 1.        ]
 [0.         6.         0.30247376 0.85239737 1.        ]
 [1.         2.         0.07639571 0.12262777 0.        ]
 [1.         3.         0.45237096 0.89290243 2.        ]
 [1.         4.         0.46873835 0.99688416 3.        ]
 [1.         5.         0.41900443 0.89149866 0.        ]
 [1.         6.         0.31391916 0.86965413 0.        ]
 [2.         3.         0.34384276 0.71279172 2.        ]
 [2.         4.         0.40717375 0.99386067 1.        ]
 [2.         5.         0.35977255 0.87894803 0.        ]
 [2.         6.         0.26938727 0.85144759 0.        ]
 [3.         4.         0.0244199  0.36232316 0.        ]
 [3.         5.         0.01649535 0.24799153 1.        ]
 [3.         6.         0.0127877  0.20367879 1.        ]
 [4.         5.         0.00285288 0.85456046 3.        ]
 [4.         6.         0.0027735  0.52559613 1.        ]
 [5.         6.         0.0003548  0.08197949 0.        ]]
[ 0.37223361  0.33787754 -0.90621337 -0.8923547  -0.73793792]
variable inplace right 

0	1	1
x0 + 0.10099634*x1
[x0, x0 - 0.009438336, x0 + 0.10099634*x1, 0.999117*x0 + 0.10103762*x1, x0 + 0.10079137*x1 + 4.517213e-5/x0, x0 + 0.10079137*x1 + 4.517213e-5/(x1 + 0.048831277), x0 + 0.103536434*x1 - 0.00491512*sin(x1), x0 + 0.10079137*x1 - 0.006210074*x4**2/x3, x0 + 0.10079137*x1 - 0.006210074*x4*(-x1 + x4/x3), x0 + 0.10079137*x1 - 0.006210074*x4*(-x1 - 1.1863271 + x4/x3), x0 + 0.10079137*x1 - 0.006210074*x4*(-exp(x1) + x4/x3), x0 + 0.10079137*x1 - 0.006210074*x4*(exp(-1.1863271*x1) + x4/x3)]
[[ 0.01093992  1.        ]
 [ 0.01085065  3.        ]
 [ 0.00012665  5.        ]
 [ 0.00012639  7.        ]
 [ 0.00012541  9.        ]
 [ 0.00012257 11.        ]
 [ 0.00012191 12.        ]
 [ 0.00011141 13.        ]
 [ 0.00011077 15.        ]
 [ 0.00011029 17.        ]
 [ 0.00010984 18.        ]
 [ 0.00010933 20.        ]]
[[0.         1.         0.0151797  0.0318063  1.        ]
 [0.         2.         0.01781899 0.14810662 3.        ]
 [0.         3.         0.05591563 1.         2.        ]
 [0.         4.         0.05591563 1.         2.        ]
 [0.         5.         0.05591563 1.         2.        ]
 [1.         2.         0.45112748 0.88878556 2.        ]
 [1.         3.         0.47076112 1.         2.        ]
 [1.         4.         0.44898626 1.         0.        ]
 [1.         5.         0.3370107  1.         0.        ]
 [2.         3.         0.06675454 1.         2.        ]
 [2.         4.         0.06532728 1.         0.        ]
 [2.         5.         0.05455683 1.         0.        ]
 [3.         4.         0.                inf 0.        ]
 [3.         5.         0.                inf 0.        ]
 [4.         5.         0.                inf 0.        ]]
[-0.94931437 -0.12133555 -0.10343896 -0.12126961 -0.11303379]
variable inplace right 

0	1	2
-0.542901*x2
[0.0340150220000000, -0.542901*x2, x2/(-x2 - 1.9378734), x2*(x0*x1 - 0.6148184), 0.45206666*x2*(x0/x1 - 1.1913228), 0.45206666*x2*(x0 + x0/x1 - 1.4890438), 0.45206666*x2*(x0 + x0/(x1 + x3) - 1.4890438), 0.724372550307855*x0*(x1 + 0.6150404)*(x2 - x3)/x1 - 0.724372550307855*x2, 0.724372550307855*x0*(x1 + 0.65405744)*(x2 - 0.611106344481624*x3)/x1 - 0.724372550307855*x2, 0.724372550307855*x0*(x1 + 0.65405744)*(x2 - 0.638576074122339*x3)/x1 - 0.724372550307855*x2, -0.653767870172684*sin(x2 - (-0.15562476*x0 - 0.0294540338518416/x0)/(x0 - x1/x2))]
[[ 0.37664083  1.        ]
 [ 0.3501618   3.        ]
 [ 0.34712455  5.        ]
 [ 0.34574145  7.        ]
 [ 0.34139723  9.        ]
 [ 0.34009975 11.        ]
 [ 0.3392283  13.        ]
 [ 0.33905882 15.        ]
 [ 0.3381059  17.        ]
 [ 0.33809954 19.        ]
 [ 0.3361358  20.        ]]
[[0.         1.         0.47840658 0.95562582 2.        ]
 [0.         2.         0.47724881 1.         2.        ]
 [0.         3.         0.45159433 1.         0.        ]
 [0.         4.         0.33982296 1.         0.        ]
 [1.         2.         0.06920232 1.         2.        ]
 [1.         3.         0.06772273 1.         0.        ]
 [1.         4.         0.05655734 1.         0.        ]
 [2.         3.         0.                inf 0.        ]
 [2.         4.         0.                inf 0.        ]
 [3.         4.         0.                inf 0.        ]]
[2739.86630043 2734.61096348 2721.16811685 2773.80321809 3043.98700693]
variable inplace false 
