-x0**3 + x0 - x1 + x4 + x6 + 0.00994978
[-0.0696158860000000, -0.33614117*x1, -0.30677813*x1 - 0.034066636, 0.191007381478664*x0 - 0.5736212*x1, -x0**3 + x0 - x1, -x0**3 + x0 - x1 + x4, -x0**3 + x0 - x1 + x4 + x6, -x0**3 + x0 - x1 + x4 + x6 + 0.00994978, -x0**3 + x0 - x1 + 0.97098374*x4 + 0.97098374*x6 + 0.00994978, -x0**3 + x0 - x1 - x11 + 0.97098374*x4 + 0.97098374*x6 + 0.00994978, -x0**3 + x0 - x1 - x11 + 0.97098374*x4 + 0.97098374*x6 + x9 + 0.00994978]
[[ 0.03545619  1.        ]
 [ 0.02508262  3.        ]
 [ 0.02403771  5.        ]
 [ 0.01557024  7.        ]
 [ 0.00450319  8.        ]
 [ 0.00098385 10.        ]
 [ 0.00017284 12.        ]
 [ 0.00007385 14.        ]
 [ 0.00006909 16.        ]
 [ 0.00006822 18.        ]
 [ 0.00006694 20.        ]]

1	4	1
-x0**3 + x0 - x3 + x5 + 0.0102630565
[-0.0889646260000000, -0.3354963*x3, x0*x3 - 0.2602503, 0.23667064952592*x0 - 0.61047435*x3, -x0**3 + x0 - x3, -x0**3 + x0 - x3 + x5, -x0**3 + x0 - x3 + x5 + 0.0102630565, -0.99395436*x0**3 + 0.99395436*x0 - 0.99395436*x3 + 0.99395436*x5 + 0.009663517, -0.99395436*x0**3 + 0.99395436*x0 - 0.99395436*x3 + 0.954138874191602*x5 + 0.009663517, -0.99395436*x0**3 + 0.99395436*x0 - 0.99395436*x3 + 0.954138874191602*x5 - 0.954138874191602*x9 + 0.009663517, -0.99395436*x0**3 + 0.99395436*x0 - 0.99395436*x3 - 0.99395436*x5**3 + 0.99395436*x5 + 0.009663517, (0.009860623*x0 - 0.99395436)*(x0**3 - x0 + x3 - 0.95994234*x5) + 0.0093100825]
[[ 0.03359193  1.        ]
 [ 0.02490951  3.        ]
 [ 0.02169707  5.        ]
 [ 0.01315677  7.        ]
 [ 0.00118635  8.        ]
 [ 0.00019513 10.        ]
 [ 0.0000898  12.        ]
 [ 0.00008854 14.        ]
 [ 0.00008692 16.        ]
 [ 0.0000867  18.        ]
 [ 0.00008635 19.        ]
 [ 0.00008513 20.        ]]
[[ 0.          1.          0.37558492  0.72780785  0.        ]
 [ 0.          2.          0.23774318  1.          0.        ]
 [ 0.          3.          0.23168363  1.          0.        ]
 [ 0.          4.          0.2623161   0.72491409  1.        ]
 [ 0.          5.          0.21859252  1.          0.        ]
 [ 0.          6.          0.25656503  0.7126469   1.        ]
 [ 0.          7.          0.21149839  1.          0.        ]
 [ 0.          8.          0.21116492  1.          0.        ]
 [ 0.          9.          0.21068761  1.          0.        ]
 [ 0.         10.          0.21056086  1.          0.        ]
 [ 0.         11.          0.21067255  1.          0.        ]
 [ 1.          2.          0.21406542  1.          0.        ]
 [ 1.          3.          0.20487031  1.          0.        ]
 [ 1.          4.          0.00548561  0.01702801  1.        ]
 [ 1.          5.          0.18495498  1.          0.        ]
 [ 1.          6.          0.00703293  0.02185451  1.        ]
 [ 1.          7.          0.17412755  1.          0.        ]
 [ 1.          8.          0.17363225  1.          0.        ]
 [ 1.          9.          0.17292985  1.          0.        ]
 [ 1.         10.          0.172735    1.          0.        ]
 [ 1.         11.          0.17290653  1.          0.        ]
 [ 2.          3.          0.                 inf  0.        ]
 [ 2.          4.          0.00214015  1.          2.        ]
 [ 2.          5.          0.                 inf  0.        ]
 [ 2.          6.          0.00190337  1.          2.        ]
 [ 2.          7.          0.                 inf  0.        ]
 [ 2.          8.          0.                 inf  0.        ]
 [ 2.          9.          0.                 inf  0.        ]
 [ 2.         10.          0.                 inf  0.        ]
 [ 2.         11.          0.                 inf  0.        ]
 [ 3.          4.          0.00214015  1.          2.        ]
 [ 3.          5.          0.                 inf  0.        ]
 [ 3.          6.          0.00190337  1.          2.        ]
 [ 3.          7.          0.                 inf  0.        ]
 [ 3.          8.          0.                 inf  0.        ]
 [ 3.          9.          0.                 inf  0.        ]
 [ 3.         10.          0.                 inf  0.        ]
 [ 3.         11.          0.                 inf  0.        ]
 [ 4.          5.          0.00214015  1.          2.        ]
 [ 4.          6.          0.00033573  0.13311645  0.        ]
 [ 4.          7.          0.00214015  1.          2.        ]
 [ 4.          8.          0.00214015  1.          2.        ]
 [ 4.          9.          0.00214015  1.          2.        ]
 [ 4.         10.          0.00214015  1.          2.        ]
 [ 4.         11.          0.00214015  1.          2.        ]
 [ 5.          6.          0.00190337  1.          2.        ]
 [ 5.          7.          0.                 inf  0.        ]
 [ 5.          8.          0.                 inf  0.        ]
 [ 5.          9.          0.                 inf  0.        ]
 [ 5.         10.          0.                 inf  0.        ]
 [ 5.         11.          0.                 inf  0.        ]
 [ 6.          7.          0.00190337  1.          2.        ]
 [ 6.          8.          0.00190337  1.          2.        ]
 [ 6.          9.          0.00190337  1.          2.        ]
 [ 6.         10.          0.00190337  1.          2.        ]
 [ 6.         11.          0.00190337  1.          2.        ]
 [ 7.          8.          0.                 inf  0.        ]
 [ 7.          9.          0.                 inf  0.        ]
 [ 7.         10.          0.                 inf  0.        ]
 [ 7.         11.          0.                 inf  0.        ]
 [ 8.          9.          0.                 inf  0.        ]
 [ 8.         10.          0.                 inf  0.        ]
 [ 8.         11.          0.                 inf  0.        ]
 [ 9.         10.          0.                 inf  0.        ]
 [ 9.         11.          0.                 inf  0.        ]
 [10.         11.          0.                 inf  0.        ]]
[-0.09737351 -0.1550052  -0.73655315 -0.80167077 -0.48048226]
variable inplace right 

3	5	1
-x0**3 + x0 - x4 + 0.010080835
[-0.0787648500000000, -0.31243557*x4, x0*x4 - 0.25667733, 0.243123224010816*x0 - 0.6054198*x4, -x0**3 + x0 - x4, -x0**3 + x0 - x4 + 0.010080835, -0.99767476*x0**3 + 0.99767476*x0 - 0.99767476*x4 + 0.00987518331175724, -x0**3 + x0 + 0.03873436*x3 - x4 + 0.010084731, -x0**3 + x0 - 23.2369142363139*x3*x9 - x4 + 0.010104599, -x0**3 + x0 - x4 + (x3 + 0.076663636)**3 + 0.009478093, -x0**3 + x0 + x1*x9/(-x3 + x4) - x4 + 0.010104599, -x0**3 + x0 + 0.86251074*x1*x9/(-x3 + x4) - x4 + 0.010104599]
[[ 0.03659393  1.        ]
 [ 0.02890291  3.        ]
 [ 0.02279582  5.        ]
 [ 0.01546507  7.        ]
 [ 0.00015634  8.        ]
 [ 0.00005471 10.        ]
 [ 0.00005452 12.        ]
 [ 0.00005379 14.        ]
 [ 0.00005356 16.        ]
 [ 0.00005299 17.        ]
 [ 0.00005243 18.        ]
 [ 0.00005214 20.        ]]
[[ 0.          1.          0.23787934  1.          0.        ]
 [ 0.          2.          0.23179996  1.          0.        ]
 [ 0.          3.          0.37699097  0.72681181  0.        ]
 [ 0.          4.          0.21870186  1.          0.        ]
 [ 0.          5.          0.25436779  0.70621954  1.        ]
 [ 0.          6.          0.21158801  1.          0.        ]
 [ 0.          7.          0.21125735  1.          0.        ]
 [ 0.          8.          0.21079289  1.          0.        ]
 [ 0.          9.          0.21066361  1.          0.        ]
 [ 0.         10.          0.2107775   1.          0.        ]
 [ 1.          2.          0.                 inf  0.        ]
 [ 1.          3.          0.21582986  1.          0.        ]
 [ 1.          4.          0.                 inf  0.        ]
 [ 1.          5.          0.0018704   1.          2.        ]
 [ 1.          6.          0.                 inf  0.        ]
 [ 1.          7.          0.                 inf  0.        ]
 [ 1.          8.          0.                 inf  0.        ]
 [ 1.          9.          0.                 inf  0.        ]
 [ 1.         10.          0.                 inf  0.        ]
 [ 2.          3.          0.20663024  1.          0.        ]
 [ 2.          4.          0.                 inf  0.        ]
 [ 2.          5.          0.0018704   1.          2.        ]
 [ 2.          6.          0.                 inf  0.        ]
 [ 2.          7.          0.                 inf  0.        ]
 [ 2.          8.          0.                 inf  0.        ]
 [ 2.          9.          0.                 inf  0.        ]
 [ 2.         10.          0.                 inf  0.        ]
 [ 3.          4.          0.18670512  1.          0.        ]
 [ 3.          5.          0.01034437  0.03193632  1.        ]
 [ 3.          6.          0.17587236  1.          0.        ]
 [ 3.          7.          0.17537682  1.          0.        ]
 [ 3.          8.          0.17467407  1.          0.        ]
 [ 3.          9.          0.17447913  1.          0.        ]
 [ 3.         10.          0.17465075  1.          0.        ]
 [ 4.          5.          0.0018704   1.          2.        ]
 [ 4.          6.          0.                 inf  0.        ]
 [ 4.          7.          0.                 inf  0.        ]
 [ 4.          8.          0.                 inf  0.        ]
 [ 4.          9.          0.                 inf  0.        ]
 [ 4.         10.          0.                 inf  0.        ]
 [ 5.          6.          0.0018704   1.          2.        ]
 [ 5.          7.          0.0018704   1.          2.        ]
 [ 5.          8.          0.0018704   1.          2.        ]
 [ 5.          9.          0.0018704   1.          2.        ]
 [ 5.         10.          0.0018704   1.          2.        ]
 [ 6.          7.          0.                 inf  0.        ]
 [ 6.          8.          0.                 inf  0.        ]
 [ 6.          9.          0.                 inf  0.        ]
 [ 6.         10.          0.                 inf  0.        ]
 [ 7.          8.          0.                 inf  0.        ]
 [ 7.          9.          0.                 inf  0.        ]
 [ 7.         10.          0.                 inf  0.        ]
 [ 8.          9.          0.                 inf  0.        ]
 [ 8.         10.          0.                 inf  0.        ]
 [ 9.         10.          0.                 inf  0.        ]]
[ 0.05064038  0.17544586 -0.86821938 -0.71959213 -0.39289713]
variable inplace right 

0	4	0
(-x0 - 0.22219732*x3 + 0.40168357)*(-x0 + x3**2 - 1.1458113)
[-0.0849149700000000, x4 - 0.08569096, 14.856425*x4 - 0.09588176, 0.34674338*x3**2 - 0.400194496165084, (x3**2 - 1.1458113)/(x3 + 2.7734175), (0.37291777 - x0)*(-x0 + x3**2 - 1.1521701), (0.37317398 - x0)*(-1.46611464518046*x0 + x3**2 - 1.1567959), (0.51652634 - x0)*(-x0 + sin(x3**2) - 0.89910704), (-x0 - 0.22219732*x3 + 0.40168357)*(-x0 + x3**2 - 1.1458113), (-1.4231746*x0 + x3**2 - 1.1567959)*(-x0 - 0.22219732*x3 + 0.40168357), (-1.4373254*x0 + x3*(x2 + x3) - 1.1567959)*(-x0 - 0.22219732*x3 + 0.40168357)]
[[ 0.03521276  1.        ]
 [ 0.0349296   3.        ]
 [ 0.03303633  5.        ]
 [ 0.01453202  7.        ]
 [ 0.01264762  9.        ]
 [ 0.01079046 11.        ]
 [ 0.01033854 13.        ]
 [ 0.01023409 14.        ]
 [ 0.00760729 15.        ]
 [ 0.00722287 17.        ]
 [ 0.00687971 19.        ]]
[[0.         1.         0.23805375 1.         0.        ]
 [0.         2.         0.23197845 1.         0.        ]
 [0.         3.         0.21888302 1.         0.        ]
 [0.         4.         0.3785513  0.72652988 0.        ]
 [0.         5.         0.21174789 1.         0.        ]
 [0.         6.         0.21140474 1.         0.        ]
 [0.         7.         0.21092757 1.         0.        ]
 [0.         8.         0.21080046 1.         0.        ]
 [0.         9.         0.2109125  1.         0.        ]
 [1.         2.         0.                inf 0.        ]
 [1.         3.         0.                inf 0.        ]
 [1.         4.         0.21761363 1.         0.        ]
 [1.         5.         0.                inf 0.        ]
 [1.         6.         0.                inf 0.        ]
 [1.         7.         0.                inf 0.        ]
 [1.         8.         0.                inf 0.        ]
 [1.         9.         0.                inf 0.        ]
 [2.         3.         0.                inf 0.        ]
 [2.         4.         0.2084071  1.         0.        ]
 [2.         5.         0.                inf 0.        ]
 [2.         6.         0.                inf 0.        ]
 [2.         7.         0.                inf 0.        ]
 [2.         8.         0.                inf 0.        ]
 [2.         9.         0.                inf 0.        ]
 [3.         4.         0.18846704 1.         0.        ]
 [3.         5.         0.                inf 0.        ]
 [3.         6.         0.                inf 0.        ]
 [3.         7.         0.                inf 0.        ]
 [3.         8.         0.                inf 0.        ]
 [3.         9.         0.                inf 0.        ]
 [4.         5.         0.17762616 1.         0.        ]
 [4.         6.         0.17713024 1.         0.        ]
 [4.         7.         0.17642697 1.         0.        ]
 [4.         8.         0.17623188 1.         0.        ]
 [4.         9.         0.17640362 1.         0.        ]
 [5.         6.         0.                inf 0.        ]
 [5.         7.         0.                inf 0.        ]
 [5.         8.         0.                inf 0.        ]
 [5.         9.         0.                inf 0.        ]
 [6.         7.         0.                inf 0.        ]
 [6.         8.         0.                inf 0.        ]
 [6.         9.         0.                inf 0.        ]
 [7.         8.         0.                inf 0.        ]
 [7.         9.         0.                inf 0.        ]
 [8.         9.         0.                inf 0.        ]]
[  0.44922753  -0.06033273 189.24349175 135.31806325]
variable inplace false 
